5.629418933387182050e-02 -4.158500086266503359e-02 7.434677818285140294e-01 -1.230989570530827693e-01 2.351015689871978620e-01 1.349459345664494048e-01 4.445943391422563229e-01 -1.914858069524122963e-01 -4.343660350561160538e-02 -1.295273055804627982e-01 3.069649024593373299e-01 3.069649024593373299e-01 -1.508265529647266900e-01 -1.295273055804627982e-01 -8.327781180248114423e-02 2.000706140784415388e-01 4.989440567646993840e-01
5.819286376647860026e-02 -2.763262933752260592e-02 6.502183199397165714e-01 -8.906334626598690074e-02 2.048407130514764973e-01 1.188468407215388378e-01 3.873528056020212884e-01 -1.453135718237875407e-01 -3.553705123949163491e-02 -9.454320726003551112e-02 2.904946421250210742e-01 2.904946421250210742e-01 -1.121491568509419001e-01 -9.454320726003551112e-02 -5.622408335082025588e-02 1.748732385171338499e-01 4.377387528548293827e-01
1.462718183200810984e-01 9.895696154847441472e-02 3.365770867686950774e-01 1.949744344753469860e-01 9.600892389344561906e-02 7.223428208109118620e-02 1.813437942565344629e-01 2.119986166482588363e-01 1.338607144649844351e-02 1.939814844176541431e-01 4.359776054965772141e-01 4.359776054965772141e-01 1.981150835406851052e-01 1.939814844176541431e-01 1.862097745682097794e-01 8.917890496918656762e-02 2.444121974813473486e-01
4.212825160684846026e-01 4.167092903502340184e-01 -4.549041927295550264e-02 8.890879647946533515e-01 -5.104108083332822149e-02 3.092417691821430087e-02 -9.728243490867155563e-02 1.061999436144146491e+00 1.188739784412826545e-01 8.962229690872089982e-01 1.025608044530482488e+00 1.025608044530482488e+00 9.459673857816338627e-01 8.962229690872089982e-01 7.924410594845738842e-01 -1.714888492432655245e-02 3.464313071138980238e-02
4.698630600548628355e-01 4.622748888066250950e-01 -3.156692825427475507e-02 9.854273160485517158e-01 -5.073989845187910908e-02 3.783571484557286813e-02 -9.679791983759422624e-02 1.175938350883944716e+00 1.310649210402292653e-01 9.931963144480634442e-01 1.148222434464760244e+00 1.148222434464760244e+00 1.047962335944103707e+00 9.931963144480634442e-01 8.789841791568596685e-01 -1.395111746165439946e-02 5.127987412166545855e-02
4.808163635479580089e-02 -3.367363026503780027e-02 6.207908590533345317e-01 -1.005527972442363110e-01 1.962154177024611479e-01 1.127782883123079061e-01 3.710558442149745617e-01 -1.572277912322415927e-01 -3.597477080865469495e-02 -1.059033424774314669e-01 2.589604405126148534e-01 2.589604405126148534e-01 -1.235653181841950971e-01 -1.059033424774314669e-01 -6.754114359131739576e-02 1.670452516500422757e-01 4.167802664884024400e-01
6.082688361108901098e-02 7.588171248236838529e-03 3.986002997959803285e-01 -2.390575400528875943e-03 1.234017056837724557e-01 7.517650634487378636e-02 2.333068546972606183e-01 -2.688103102027340763e-02 -1.490255405293840034e-02 -5.350613515267834200e-03 2.399314603853074102e-01 2.399314603853074102e-01 -1.327472243021604256e-02 -5.350613515267834200e-03 1.216139696648644783e-02 1.069111102437417110e-01 2.722045553424615183e-01
1.636761789802151923e-02 -9.154897589213747619e-03 1.935395548575434832e-01 -2.848941682150175903e-02 6.105379753887813649e-02 3.528716441926554176e-02 1.154541511572253210e-01 -4.561133214218363735e-02 -1.083866613486249124e-02 -3.013565252794568258e-02 8.412160298726852059e-02 8.412160298726852059e-02 -3.548488838734605022e-02 -3.013565252794568258e-02 -1.850316748272596429e-02 5.206259521515316235e-02 1.301479989154713524e-01
9.670012480944964461e-02 1.142121352912037063e-01 -1.534782306330823853e-01 2.502417140960080943e-01 -5.788197882320154919e-02 -1.786500584692842994e-02 -1.096529030765917012e-01 3.073909107805004592e-01 3.860634384632070926e-02 2.532881330317761637e-01 2.029900505329566840e-01 2.029900505329566840e-01 2.700393683315418514e-01 2.532881330317761637e-01 2.179940448938389175e-01 -4.255322089425003784e-02 -8.637854845074069421e-02
5.165087286586487331e-02 6.253501989555189378e-02 -9.377108895617457252e-02 1.374687558000496357e-01 -3.472306747748822586e-02 -1.160048704472069030e-02 -6.576900003667580930e-02 1.694336170597965097e-01 2.155431716336887044e-02 1.392120951180660926e-01 1.057505774935918741e-01 1.057505774935918741e-01 1.485992052572218391e-01 1.392120951180660926e-01 1.194144408825323633e-01 -2.591303021476025481e-02 -5.391511913425899027e-02
9.670012480944964461e-02 1.142121352912037063e-01 -1.534782306330823576e-01 2.502417140960080943e-01 -5.788197882320154225e-02 -1.786500584692842300e-02 -1.096529030765916735e-01 3.073909107805004592e-01 3.860634384632070926e-02 2.532881330317761637e-01 2.029900505329566840e-01 2.029900505329566840e-01 2.700393683315418514e-01 2.532881330317761637e-01 2.179940448938389175e-01 -4.255322089425003090e-02 -8.637854845074066645e-02
1.462718183200811262e-01 9.895696154847444248e-02 3.365770867686950774e-01 1.949744344753470415e-01 9.600892389344561906e-02 7.223428208109118620e-02 1.813437942565344629e-01 2.119986166482588918e-01 1.338607144649845045e-02 1.939814844176541986e-01 4.359776054965772696e-01 4.359776054965772696e-01 1.981150835406851607e-01 1.939814844176541986e-01 1.862097745682098349e-01 8.917890496918656762e-02 2.444121974813473486e-01
9.189116452467677165e-02 1.064431368916918808e-01 -1.297466648267170675e-01 2.326013408047374886e-01 -4.980739458937755160e-02 -1.416691061947084398e-02 -9.437145060171520106e-02 2.849433710236092820e-01 3.541230533501667915e-02 2.353377114039406637e-01 1.965447590080162121e-01 1.965447590080162121e-01 2.506556557222547887e-01 2.353377114039406637e-01 2.030900422017714591e-01 -3.609062406520983229e-02 -7.146583829021166401e-02
3.213310917099861108e-02 -2.153928870989086503e-02 4.074409479359588637e-01 -6.480005105066143078e-02 1.287315036098226062e-01 7.407240718182170336e-02 2.434384362413663516e-01 -1.017685200528075234e-01 -2.345358306042223326e-02 -6.830260976496264902e-02 1.713784906534059627e-01 1.713784906534059627e-01 -7.982893423573451941e-02 -6.830260976496264902e-02 -4.326139935246699902e-02 1.096294252101423783e-01 2.736319369047349737e-01
6.451149412142632988e-02 6.852990114467735761e-02 -4.332831639057634771e-02 1.478824490164791505e-01 -1.955220216298581004e-02 -1.610631694795143466e-03 -3.709595733801258899e-02 1.787991005701257963e-01 2.108113045576876302e-02 1.493331482097667029e-01 1.488094850879242148e-01 1.488094850879242148e-01 1.583063167226757828e-01 1.493331482097667029e-01 1.305244585989797645e-01 -1.244310689860029726e-02 -1.867546595116401434e-02
2.044646820865597681e-01 7.132433221095191289e-02 9.867954067084113712e-01 1.059110882093603073e-01 3.008496369449220609e-01 1.910811228026299824e-01 5.686965998585555848e-01 6.668504482447161485e-02 -2.215097979299315498e-02 9.943827715761892339e-02 7.264722476215984548e-01 7.264722476215984548e-01 8.596592668974346874e-02 9.943827715761892339e-02 1.299856912173897039e-01 2.640521434863203343e-01 6.821509503361765647e-01
