8.912524552475774298e-02 -3.196795380358733590e-02 9.598187433795534185e-01 -8.574535261807787745e-02 5.998384589604783823e-01 5.407762315957400645e-01 9.459073752791842260e-01 7.312127895418250867e-02 1.342717632622190405e-01 -5.765613297303500556e-02 6.156907991121333273e-02 1.201478298775220457e-02 -6.873744323628919184e-02 -5.765613297303503332e-02 -7.116969101982224821e-02 5.364970917343804269e-01 4.039955809436570067e-01 5.917299736512035002e-01 4.948713916835720816e-01 1.333332518063429784e-01
2.537298754832209569e-02 -2.834656317036620549e-02 5.227982591466022733e-01 -8.163430604298195503e-02 1.678159825978043640e-01 3.100303484586648672e-02 2.829197409787971296e-01 -1.596984022838847384e-01 -5.491640028593577222e-02 -9.088510213122164005e-02 3.186120812935450686e-01 2.600810125664608230e-01 -1.054572039651150844e-01 -9.088510213122162618e-02 -5.316530434236117764e-02 1.301802483945050659e-01 3.374477533073269586e-01 1.821801430639522212e-01 2.081001985360531048e-01 1.849140529333676286e-01
3.309003255024997592e-02 -2.399326224933239805e-03 2.477154334263853286e-01 -5.709549316831659393e-03 2.087293676594589864e-01 2.296062943710007742e-01 3.229011439253061111e-01 9.225759980982617403e-02 7.889592629809982771e-02 9.943117516067931025e-03 -7.564483861048289237e-02 -7.790381432018189667e-02 1.023788113444319865e-02 9.943117516067911943e-03 -9.422868930865394357e-03 1.936270554135415267e-01 6.464495803207208346e-02 2.002092657736412873e-01 1.486718546007916586e-01 -3.455413998094476486e-03
9.863308969427417305e-02 7.975979654155147813e-02 2.694838999833374937e-01 1.469358754907635622e-01 -8.221934963073629365e-02 -2.335027722340033696e-01 -1.031740265333896955e-01 -1.283974054543223983e-02 -1.250608711559796082e-01 1.197054463402634633e-01 7.241344612561588789e-01 6.519795786820248296e-01 1.159107900446542938e-01 1.197054463402635049e-01 1.582148475160887469e-01 -9.596149833566960941e-02 3.092091938766684533e-01 -5.758715459499514494e-02 4.708049367474975017e-02 2.261697687362186904e-01
4.257607033551127351e-01 4.152953591753730800e-01 -3.841784857853931812e-02 8.857200269405123283e-01 -3.752570500766442413e-02 7.474833127641200559e-02 -6.685390269415691922e-02 1.081591229370417295e+00 1.372467154420898283e-01 8.966224772012275634e-01 1.028855783788217071e+00 9.948909213365648707e-01 9.463785665611615938e-01 8.966224772012274524e-01 7.882419008534773397e-01 -7.407527979059165351e-05 3.538552154175830800e-02 -4.622527992216678150e-02 -5.236874764582726861e-03 4.973891853401335439e-02
4.767826970275404475e-01 4.632017225580185027e-01 -3.673593478093276771e-02 9.888899904659006479e-01 -2.283814118838851243e-02 1.117765648631440373e-01 -4.630800952622801669e-02 1.223668775190068558e+00 1.658676983252749815e-01 1.003548043791402611e+00 1.118627295721162040e+00 1.083512295639444289e+00 1.059687919450520210e+00 1.003548043791402611e+00 8.784970817333909165e-01 1.875863115187973579e-02 3.073003212210724533e-02 -3.436728002852008218e-02 3.147046278130342239e-03 4.549562082295108972e-02
4.414484559546687226e-02 -2.191703862993153729e-02 5.472658443352819146e-01 -5.954973984879884802e-02 3.038294108089669709e-01 2.447044219506176177e-01 4.835370883359172423e-01 -9.072723526833335189e-03 4.539548189798476435e-02 -4.946940673075758688e-02 1.010290796709265582e-01 6.528079377902124003e-02 -5.796702053124090648e-02 -4.946940673075759382e-02 -4.605332735425504004e-02 2.668703550691569060e-01 2.584521557901178213e-01 3.037462222825345615e-01 2.673475528960360670e-01 1.028893448157247176e-01
5.161823621492447195e-02 1.358097446952264732e-02 3.210594055292479987e-01 1.973981759899092955e-02 1.545493715039558957e-01 1.122962631556185809e-01 2.484079509254936147e-01 3.943591884512748919e-02 1.792170141156120347e-02 2.294750694306645772e-02 1.699031090237484165e-01 1.419776762115245450e-01 2.007429540229449180e-02 2.294750694306645772e-02 2.404631864926298074e-02 1.347794878923352646e-01 1.719415837209063436e-01 1.565825581035283909e-01 1.490186321405689573e-01 8.018477125681638951e-02
4.258598479080907828e-02 9.129812615198403675e-03 1.960571766366316082e-01 2.385805906875985982e-02 2.315932408995877712e-01 2.936865891738882905e-01 3.524766561229527029e-01 1.735310215074063467e-01 1.183340260474563949e-01 4.672365098712816939e-02 -1.632968610683977195e-01 -1.524252607963425266e-01 5.130252075929750410e-02 4.672365098712814163e-02 1.080584482376865593e-02 2.214978090617262807e-01 2.761840807038895562e-03 2.168378529687334799e-01 1.436497639283121353e-01 -4.894118415740740524e-02
1.239521503518144913e-01 1.250509620580113335e-01 -1.196936070193126284e-01 2.780468542411889121e-01 4.943136421014691223e-02 1.708233082843871598e-01 6.115147676172132118e-02 4.455502265756269842e-01 1.249937703908435005e-01 2.975651304758984983e-01 4.252425764145701531e-02 6.434144815337300427e-02 3.191891206024411454e-01 2.975651304758984428e-01 2.334315384057609744e-01 6.932117283217323345e-02 -1.308898973957942913e-01 3.287954449372062354e-02 -8.303632465128669982e-03 -9.207128790073719482e-02
6.304043289394120619e-02 3.511500008171725140e-02 2.920447149163706291e-01 5.907527799478401453e-02 3.868269665140615376e-02 -5.832979379149133559e-02 7.633191765059209322e-02 -1.304204684512448587e-02 -5.479728998265431111e-02 4.726267202145324753e-02 4.096142638753518250e-01 3.616006910555566445e-01 4.276551636679137847e-02 4.726267202145327528e-02 6.907986253336918792e-02 2.121374335714840825e-02 2.346675649132277941e-01 5.181327263316043430e-02 9.756786974325641626e-02 1.482110633739197048e-01
7.113240678792334681e-02 7.079792898461995110e-02 -7.105872667750394445e-02 1.588298199567277635e-01 4.445237107232650337e-02 1.251841757344271944e-01 5.848718804424762885e-02 2.715841560267628352e-01 8.472078333503492431e-02 1.725987349665218662e-01 -1.272992136965936730e-02 3.579840258333251424e-03 1.857074485927739937e-01 1.725987349665218662e-01 1.314564686052694664e-01 5.617846759947933005e-02 -8.931487757354726609e-02 3.295533983306362519e-02 6.981477537961544924e-04 -6.582645745471767118e-02
1.239521503518144913e-01 1.250509620580113335e-01 -1.196936070193126284e-01 2.780468542411889121e-01 4.943136421014693999e-02 1.708233082843872153e-01 6.115147676172136282e-02 4.455502265756270397e-01 1.249937703908435283e-01 2.975651304758985538e-01 4.252425764145697368e-02 6.434144815337296264e-02 3.191891206024412009e-01 2.975651304758984983e-01 2.334315384057609744e-01 6.932117283217326120e-02 -1.308898973957942913e-01 3.287954449372065130e-02 -8.303632465128659573e-03 -9.207128790073722258e-02
9.863308969427404815e-02 7.975979654155135323e-02 2.694838999833376603e-01 1.469358754907633124e-01 -8.221934963073630753e-02 -2.335027722340035361e-01 -1.031740265333897094e-01 -1.283974054543269606e-02 -1.250608711559797193e-01 1.197054463402631302e-01 7.241344612561587679e-01 6.519795786820248296e-01 1.159107900446539607e-01 1.197054463402631719e-01 1.582148475160884971e-01 -9.596149833566965104e-02 3.092091938766686199e-01 -5.758715459499515188e-02 4.708049367474977792e-02 2.261697687362187736e-01
1.060864076822370938e-01 1.103929087325093844e-01 -1.054285415253121694e-01 2.421426081483266379e-01 -1.523447353264299579e-03 7.668402718132129314e-02 -1.208821885472782104e-02 3.447496241886580659e-01 7.502130904971683611e-02 2.524863506549717695e-01 1.264210404984159042e-01 1.364256250370010914e-01 2.695159594997847963e-01 2.524863506549717695e-01 2.078710348195438595e-01 1.539067380183313516e-02 -8.166296848278518927e-02 -1.086234198422179886e-02 -2.458024613684073670e-02 -4.888746573189228783e-02
6.882985027904020559e-02 7.576982907290267556e-03 3.902513429638578835e-01 2.004496139176298666e-02 3.947161616326919087e-01 4.729448927258748103e-01 6.048605223918334106e-01 2.461808536331537844e-01 1.799083106414901823e-01 5.511510424512804790e-02 -2.208044811339186786e-01 -2.118338159691438294e-01 5.994152073666386693e-02 5.511510424512800627e-02 4.061106153691484977e-03 3.728021704390960256e-01 5.385168125531097222e-02 3.733323232707519979e-01 2.600203483501677404e-01 -5.125087053727266778e-02
1.126569929489123767e-01 9.506976934065516915e-02 -2.006118743567744667e-02 2.193059028603539518e-01 2.081534182373490083e-01 3.773982184914013160e-01 3.010883677574459627e-01 4.858578560591712003e-01 2.043400575368823080e-01 2.555094491916864996e-01 -2.049454561450388956e-01 -1.664579277903771304e-01 2.771490575593424932e-01 2.555094491916864441e-01 1.716579451620952879e-01 2.205474707516714428e-01 -1.635505802882770421e-01 1.802123497272550001e-01 7.877632552576843694e-02 -1.500443015327318497e-01
1.256803920797679719e-01 4.549562082295127013e-02 8.899454923062776190e-01 4.634707362507275302e-02 8.439206764893532331e-02 -2.502363562274114717e-01 1.849717260847952294e-01 -2.389523379772410527e-01 -2.158707589874494515e-01 3.163251456227889405e-03 1.164593982954164275e+00 1.016382919580244515e+00 -1.947938382964489387e-02 3.163251456227976141e-03 9.523453935696496453e-02 2.547848672144962731e-02 7.339076669410264930e-01 1.298778378082486584e-01 2.815443151802626831e-01 4.688088427508424472e-01
